   90    90
    1    1
     10.878649243697526      1.158558816957082      2.166435054166119
      1.158558816957082      9.540860752361828     -3.752375584810495
      2.166435054166119     -3.752375584810495      8.432603229227027
    1    2
     -0.060716626028296     -0.017241142067095     -0.062278611281283
     -0.042944056622584     -0.091838018695743      0.012971972964774
      0.006025262828869      0.045772372919254     -0.019772673595743
    1    3
     -0.060716626028296     -0.042944056622584      0.006025262828869
     -0.017241142067095     -0.091838018695743      0.045772372919254
     -0.062278611281283      0.012971972964774     -0.019772673595743
    1    4
     -0.042303813019117      0.069168639823370     -0.041296795337661
      0.069168639823370     -0.122172878648822      0.071528147708818
     -0.090900317842832      0.157443968915213     -0.001400736240211
    1    5
     -0.110118626014171      0.011281115925563     -0.042652669150797
     -0.014421798629927     -0.042436018701878      0.017668155784927
      0.019905247516851      0.060420845968756     -0.019772673595743
    1    6
      0.000000000000000      0.000000000000000      0.000000000000000
      0.000000000000000      0.000000000000000      0.000000000000000
      0.000000000000000      0.000000000000000      0.000000000000000
    1    7
     -0.042303813019117      0.069168639823370     -0.090900317842832
      0.069168639823370     -0.122172878648822      0.157443968915213
     -0.041296795337661      0.071528147708818     -0.001400736240211
    1    8
      0.000000000000000      0.000000000000000      0.000000000000000
      0.000000000000000      0.000000000000000      0.000000000000000
      0.000000000000000      0.000000000000000      0.000000000000000
    1    9
     -0.110118626014171     -0.014421798629927      0.019905247516851
      0.011281115925563     -0.042436018701878      0.060420845968756
     -0.042652669150797      0.017668155784927     -0.019772673595743
    1   10
      0.265683005702277      0.407901386525051     -0.228633606124242
      0.407901386525051     -0.205320944928723      0.396005022092852
     -0.228633606124242      0.396005022092852     -0.860907975186556
    1   11
     -0.089264187102129     -0.007874744593647      0.002522093548143
     -0.007874744593647     -0.107327971905294      0.047532075852944
      0.002522093548143      0.047532075852944      0.015130226646641
    1   12
     -0.043861379394373     -0.044641737706129      0.003967197206215
     -0.044641737706129      0.054090436157532     -0.063065212231950
      0.003967197206215     -0.063065212231950      0.045621668531958
    1   13
      0.027086765337516     -0.023419212284194     -0.001094917693831
     -0.023419212284194      0.054128942363925      0.001896453075669
     -0.001094917693831      0.001896453075669     -0.045771018196571
    1   14
     -0.009058396656469     -0.064735249160085      0.052632477280402
     -0.064735249160085      0.019287453413999     -0.034968299678658
      0.052632477280402     -0.034968299678658      0.045621668531958
    1   15
      0.000000000000000      0.000000000000000      0.000000000000000
      0.000000000000000      0.000000000000000      0.000000000000000
      0.000000000000000      0.000000000000000      0.000000000000000
    1   16
     -0.056107253938970      0.040517985402381     -0.042544760359576
      0.040517985402381     -0.102893393484284      0.073689686532669
     -0.042544760359576      0.073689686532669     -0.040678122909844
    1   17
      0.000000000000000      0.000000000000000      0.000000000000000
      0.000000000000000      0.000000000000000      0.000000000000000
      0.000000000000000      0.000000000000000      0.000000000000000
    1   18
     -0.109631754557344      0.003884475960310     -0.042425031954001
      0.003884475960310     -0.086960404446785      0.021581840842883
     -0.042425031954001      0.021581840842883      0.015130226646641
    1   19
     -0.251647088380676      0.349990697349942     -0.030393008938199
      0.113991939090183      0.293299534830618      0.383291497627762
      0.458208864498884     -0.151137181683958      0.128090999987866
    1   20
      0.000000000000000      0.000000000000000      0.000000000000000
      0.000000000000000      0.000000000000000      0.000000000000000
      0.000000000000000      0.000000000000000      0.000000000000000
    1   21
     -0.251647088380676     -0.113991939090183      0.458208864498884
     -0.349990697349942      0.293299534830618      0.151137181683958
     -0.030393008938199     -0.383291497627762      0.128090999987866
    1   22
      0.429687668198610     -0.289460630760183      0.337781755327061
      0.289460630643450      0.403693831901750      0.337900732538335
      0.337781755374391     -0.337900732585648      0.513307627119237
    1   23
      0.036878501396851      0.068839850267066      0.028757962843903
      0.014745395580210      0.050781138862567      0.005887927489790
      0.047368435861666      0.013073956835329      0.026476186443165
    1   24
      0.036878501396851     -0.014745395580210      0.047368435861666
     -0.068839850267066      0.050781138862567     -0.013073956835329
      0.028757962843903     -0.005887927489790      0.026476186443165
    1   25
      0.000000000000000      0.000000000000000      0.000000000000000
      0.000000000000000      0.000000000000000      0.000000000000000
      0.000000000000000      0.000000000000000      0.000000000000000
    1   26
      0.000000000000000      0.000000000000000      0.000000000000000
      0.000000000000000      0.000000000000000      0.000000000000000
      0.000000000000000      0.000000000000000      0.000000000000000
    1   27
      0.041427494885949      0.085958008114485      0.088180178596485
     -0.085958008121518      0.008781172255172      0.006077673028913
      0.088180178597336     -0.006077673041264      0.047255714291256
    1   28
     -0.626578633671577      0.101107935318567     -0.696944124285861
     -0.101107935318568      1.068274390554764      0.037383550206158
     -0.696944124285861     -0.037383550206158     -0.084719118534177
    1   29
     -0.061004787452591      0.029811512970995      0.024318928017071
     -0.029811512975052      0.089965871706905      0.013183527006446
      0.024318928018918     -0.013183527009852     -0.023565829235511
    1   30
     -0.145877588909658      0.005471184068876      0.126483743819607
     -0.005471184068876     -0.179297530029942     -0.377087245934066
      0.126483743819607      0.377087245934066     -0.143680647591525
    1   31
      0.072820725839171      0.047813226675188     -0.001397195689853
     -0.067600761290415     -0.000285336732841     -0.080466845632017
      0.041430709902925      0.003472634354017     -0.009669032401184
    1   32
      0.000000000000000      0.000000000000000      0.000000000000000
      0.000000000000000      0.000000000000000      0.000000000000000
      0.000000000000000      0.000000000000000      0.000000000000000
    1   33
      0.043568991045363      0.022710605132004      0.032713926417028
     -0.049072341644218      0.000528620816636     -0.003053223471900
      0.027091268840954      0.051868406104713      0.015223008568986
    1   34
      0.000000000000000      0.000000000000000      0.000000000000000
      0.000000000000000      0.000000000000000      0.000000000000000
      0.000000000000000      0.000000000000000      0.000000000000000
    1   35
      0.043568991045363      0.049072341644218      0.027091268840954
     -0.022710605132004      0.000528620816636     -0.051868406104713
      0.032713926417028      0.003053223471900      0.015223008568986
    1   36
      0.072820725839171      0.067600761290415      0.041430709902925
     -0.047813226675188     -0.000285336732841     -0.003472634354017
     -0.001397195689853      0.080466845632017     -0.009669032401184
    1   37
      0.016942752914847     -0.071821735745287     -0.049353508547873
      0.100094280490715      0.033265914230235     -0.073327438261085
     -0.038826670059734     -0.079405111295437      0.047255714291256
    1   38
      0.083498952629705     -0.012170934490997     -0.019478076203338
      0.041923520195860      0.004160687622172     -0.021961162641028
     -0.035006596677293     -0.034485290379389      0.026476186443165
    1   39
      0.357973254011982     -0.237972529722153     -0.316743669504281
     -0.001973771462394     -0.316320807660640      0.217966866653937
     -0.098215793465335     -0.472389107769325      0.128090999987866
    1   40
     -0.043847496027551     -0.469963847942216     -0.359993071033549
     -0.233965089682457      0.085499942443883     -0.321251926085367
      0.347136678442480     -0.165324630973824      0.128090999987866
    1   41
      0.000000000000000      0.000000000000000      0.000000000000000
      0.000000000000000      0.000000000000000      0.000000000000000
      0.000000000000000      0.000000000000000      0.000000000000000
    1   42
      0.410192290977542      0.300716292047630     -0.461521496040074
     -0.278204969356003      0.423189209125971     -0.123577214819956
      0.123739740648373     -0.461477947340959      0.513307627119237
    1   43
      0.011112006350250     -0.053963557414635     -0.012361839184372
      0.000130897272221      0.076547633913335     -0.047559247214718
     -0.009279886640565     -0.027849090130818      0.026476186443165
    1   44
      0.000000000000000      0.000000000000000      0.000000000000000
      0.000000000000000      0.000000000000000      0.000000000000000
      0.000000000000000      0.000000000000000      0.000000000000000
    1   45
      0.000000000000000      0.000000000000000      0.000000000000000
      0.000000000000000      0.000000000000000      0.000000000000000
      0.000000000000000      0.000000000000000      0.000000000000000
    1   46
      0.026559432737029     -0.021104256647446     -0.017707965383072
      0.094309731318156      0.045975956376783     -0.037616364452667
     -0.068987734629165      0.041443429777577     -0.009669032401184
    1   47
      0.000000000000000      0.000000000000000      0.000000000000000
      0.000000000000000      0.000000000000000      0.000000000000000
      0.000000000000000      0.000000000000000      0.000000000000000
    1   48
      0.644561134368591     -0.835000822633547      0.316096957983365
     -0.632784951996412     -0.202865377691000      0.622263091801745
      0.380847166302496      0.584879541595587     -0.084719118534177
    1   49
     -0.170942544728121      0.009000074921310      0.263325262485798
      0.019942443059062     -0.154232574207424     -0.298081758289434
     -0.389809006305405      0.079005487644632     -0.143680647591525
    1   50
      0.022703680126555     -0.010664012255331      0.031373722916379
      0.061118934520891      0.021393931738819     -0.049395930091274
     -0.019001132298397     -0.026804479601022      0.015223008568986
    1   51
      0.009422925083364     -0.030998023955060      0.070384930319018
      0.084415964010543      0.063112464033220     -0.039023415854439
     -0.023722744519853     -0.034143730098650     -0.009669032401184
    1   52
     -0.000126253379048     -0.023844880511438     -0.013712794118632
      0.047938066264784      0.044223865248114     -0.029857703072922
     -0.058464991757334      0.002472476013439      0.015223008568986
    1   53
      0.052223206907874     -0.095183726000098     -0.023576733310546
     -0.035560700054051     -0.023262122671874     -0.014469045953965
     -0.000742194710399     -0.027652572960515     -0.023565829235511
    1   54
      0.000000000000000      0.000000000000000      0.000000000000000
      0.000000000000000      0.000000000000000      0.000000000000000
      0.000000000000000      0.000000000000000      0.000000000000000
    1   55
     -0.134182832356024     -0.161155888386530      0.045810788658503
     -0.161155888386530      0.051903958733542     -0.079346613484910
      0.093704873063482     -0.162301601049618      0.166695764063287
    1   56
      0.000000000000000      0.000000000000000      0.000000000000000
      0.000000000000000      0.000000000000000      0.000000000000000
      0.000000000000000      0.000000000000000      0.000000000000000
    1   57
      0.095418391683998      0.072133135400742     -0.033696712366679
      0.087851867861681     -0.155828624040437      0.134479826722275
     -0.105037936242643      0.098414435628189      0.011343423112873
    1   58
     -0.069441425845084     -0.116256456395604     -0.051736705621338
     -0.116256456395604      0.064799966945359      0.089610602745144
     -0.051606879026651      0.089385736486992      0.123167816588412
    1   59
     -0.023741331571131      0.156648766165154     -0.099614590045261
      0.140930033704216     -0.036668900766035      0.096422122297059
     -0.032710433224905      0.140172738968670      0.011343423112873
    1   60
      0.043975269996448     -0.038792916803907     -0.004787754816366
     -0.071614044289838     -0.033276331894840      0.022301391775864
      0.028443840218738      0.018542315401177     -0.000357287588456
    1   61
      0.000000000000000      0.000000000000000      0.000000000000000
      0.000000000000000      0.000000000000000      0.000000000000000
      0.000000000000000      0.000000000000000      0.000000000000000
    1   62
     -0.061771047945027     -0.010561379155578     -0.016919694407903
      0.022259748330353      0.072469986063738      0.015297013186332
     -0.030280036290473     -0.015361930512017     -0.000357287588456
    1   63
      0.000000000000000      0.000000000000000      0.000000000000000
      0.000000000000000      0.000000000000000      0.000000000000000
      0.000000000000000      0.000000000000000      0.000000000000000
    1   64
     -0.062655938782971     -0.248725024875032      0.057800288658509
     -0.248725024875032      0.224546981335529     -0.100113036640589
     -0.213961231590057      0.370591723934020      0.009924764231734
    1   65
      0.015055051935370      0.013390169314224      0.009190823193422
     -0.036792789602629      0.029535295437072      0.002774805360263
      0.015402942929363     -0.003363717416039     -0.016802421359083
    1   66
      0.119826289038309      0.093990669581506     -0.018423712366676
      0.096394219392118      0.083932712388358     -0.023871186296067
      0.043655593177038      0.070749066287061      0.040508923112870
    1   67
     -2.381294142609341      1.590210932569438     -1.116877205621326
      1.590210932569438     -4.217511562050198      1.934488065795247
     -0.936924970915723      1.622801652374788     -2.092618683411587
    1   68
      0.175345181707917      0.064340371761618      0.029884909932531
      0.061936821951006      0.028413819709770      0.004019809794816
     -0.083098285282189     -0.002432319568121      0.040508923112870
    1   69
      0.026976526141198     -0.007140328101975     -0.008665754816358
     -0.021078342171911      0.041861243567146      0.011416607151716
      0.019142626554230     -0.023489690251938     -0.005877537588460
    1   70
      0.013578153971854     -0.043898109940422      0.029226647582076
     -0.043898109940422      0.064267325147596     -0.050622038542972
      0.024960996677326     -0.043233714449191      0.023924987478446
    1   71
      0.025921021547469     -0.020468946310541     -0.005554194409435
     -0.006530932240605      0.042916748161046      0.013213067390398
      0.010771355206445     -0.028322846018432     -0.005877537588460
    1   72
      0.015781602716443     -0.037212263891695     -0.006998463529062
      0.012970695025157      0.028808744655881     -0.006572083687707
     -0.004788406731475     -0.015021198578968     -0.016802421359083
    1   73
     -4.988096773210841     -0.774883172233982     -2.229483616290195
     -0.806262501640590     -2.884027086865102     -0.582976596401660
     -3.357445914461737     -0.757513090461418     -3.328165324260303
    1   74
      0.017712498834854      0.021825245138616     -0.010106893094643
      0.018942366933966     -0.023162461510287      0.014059987062732
     -0.026463700794159      0.008651468963177     -0.016946051361210
    1   75
     -0.031272481895864      0.030208531857121     -0.035197881935458
     -0.083315904712990     -0.060959545520032     -0.148145379224342
      0.043953602792054      0.086685311874105     -0.004566565181315
    1   76
     -0.128985986161555      0.055889611360645      0.112907683794968
     -0.027213446255436     -0.258447159311030      0.016831466654818
      0.013359324351730      0.026993812009815     -0.024241953557986
    1   77
      0.015178518104146      0.022066198813848     -0.033048261476016
      0.019648058108341      0.004401700960204     -0.005913735683463
     -0.003792378316557     -0.004311001550927     -0.014474946647933
    1   78
      0.000000000000000      0.000000000000000      0.000000000000000
      0.000000000000000      0.000000000000000      0.000000000000000
      0.000000000000000      0.000000000000000      0.000000000000000
    1   79
      0.039360239200217      0.023061934822627      0.013252294540857
      0.008167987828554     -0.017829581334297     -0.044505645714672
     -0.022644834185710     -0.013904951834099     -0.010057662984547
    1   80
      0.004027632883985      0.028762138195926      0.002902924312213
      0.027602170163085     -0.019627481606301      0.020569477744088
     -0.017290729137353      0.023178178441826     -0.006773189737876
    1   81
      0.045940787435994      0.246509723123930      0.014137639269310
      0.031502033769340      0.175249573328917     -0.059371701274844
      0.086629957244148     -0.029395926655095     -0.130405669894600
    1   82
      0.263304998834849     -0.093993252204129      0.044348581931103
      0.121014437150461     -0.042114638105096     -0.041929405395175
     -0.017857359373037     -0.089721707035806     -0.130405669894600
    1   83
      0.025158708341498      0.013885992587776      0.021645576070739
      0.016304133293283     -0.005578489278762      0.025663766149724
      0.005629626016834      0.001128795187702     -0.014474946647933
    1   84
     -4.094700668375943     -1.322064983301696      1.619614350399894
     -1.290685653895088     -3.777423191844500      1.639301150983821
      2.334748537216663      2.528876908760573     -3.328165324260303
    1   85
     -0.076533946615453     -0.057184185871106      0.145896602818913
      0.056340250699005     -0.015698080793123     -0.043590429694194
     -0.097048483607907      0.005277719328204     -0.004566565181315
    1   86
      0.010692758469499      0.023754058111795     -0.019265152423625
      0.024914026144635     -0.026292607192894      0.007770732672201
     -0.011427526773771      0.026563299905027     -0.006773189737876
    1   87
     -0.213664722261200      0.021675844830285     -0.071030319602328
      0.104778902446366     -0.173768423197689     -0.089365189129401
     -0.030056989119455      0.001927391737978     -0.024241953557986
    1   88
      0.000000000000000      0.000000000000000      0.000000000000000
      0.000000000000000      0.000000000000000      0.000000000000000
      0.000000000000000      0.000000000000000      0.000000000000000
    1   89
      0.004709172430622      0.026449840934416     -0.007122859424900
      0.029332719139066     -0.010159135103953      0.015782819705368
      0.005739458495521      0.027243971649334     -0.016946051361210
    1   90
      0.009990826987474      0.025124425876894      0.031916872527191
      0.040018372870967      0.011539830883196     -0.033729646589080
      0.023364458618610      0.012658525753847     -0.010057662984547
    2    1
     -0.060716626028296     -0.042944056622584      0.006025262828869
     -0.017241142067095     -0.091838018695743      0.045772372919254
     -0.062278611281283      0.012971972964774     -0.019772673595743
    2    2
     10.878649243697526      1.158558816957082      2.166435054166119
      1.158558816957082      9.540860752361828     -3.752375584810495
      2.166435054166119     -3.752375584810495      8.432603229227027
    2    3
     -0.060716626028296     -0.017241142067095     -0.062278611281283
     -0.042944056622584     -0.091838018695743      0.012971972964774
      0.006025262828869      0.045772372919254     -0.019772673595743
    2    4
      0.000000000000000      0.000000000000000      0.000000000000000
      0.000000000000000      0.000000000000000      0.000000000000000
      0.000000000000000      0.000000000000000      0.000000000000000
    2    5
     -0.042303813019117      0.069168639823370     -0.041296795337661
      0.069168639823370     -0.122172878648822      0.071528147708818
     -0.090900317842832      0.157443968915213     -0.001400736240211
    2    6
     -0.110118626014171      0.011281115925563     -0.042652669150797
     -0.014421798629927     -0.042436018701878      0.017668155784927
      0.019905247516851      0.060420845968756     -0.019772673595743
    2    7
     -0.110118626014171     -0.014421798629927      0.019905247516851
      0.011281115925563     -0.042436018701878      0.060420845968756
     -0.042652669150797      0.017668155784927     -0.019772673595743
    2    8
     -0.042303813019117      0.069168639823370     -0.090900317842832
      0.069168639823370     -0.122172878648822      0.157443968915213
     -0.041296795337661      0.071528147708818     -0.001400736240211
    2    9
      0.000000000000000      0.000000000000000      0.000000000000000
      0.000000000000000      0.000000000000000      0.000000000000000
      0.000000000000000      0.000000000000000      0.000000000000000
    2   10
     -0.043861379394373     -0.044641737706129      0.003967197206215
     -0.044641737706129      0.054090436157532     -0.063065212231950
      0.003967197206215     -0.063065212231950      0.045621668531958
    2   11
      0.265683005702277      0.407901386525051     -0.228633606124242
      0.407901386525051     -0.205320944928723      0.396005022092852
     -0.228633606124242      0.396005022092852     -0.860907975186556
    2   12
     -0.089264187102129     -0.007874744593647      0.002522093548143
     -0.007874744593647     -0.107327971905294      0.047532075852944
      0.002522093548143      0.047532075852944      0.015130226646641
    2   13
      0.000000000000000      0.000000000000000      0.000000000000000
      0.000000000000000      0.000000000000000      0.000000000000000
      0.000000000000000      0.000000000000000      0.000000000000000
    2   14
      0.027086765337516     -0.023419212284194     -0.001094917693831
     -0.023419212284194      0.054128942363925      0.001896453075669
     -0.001094917693831      0.001896453075669     -0.045771018196571
    2   15
     -0.009058396656469     -0.064735249160085      0.052632477280402
     -0.064735249160085      0.019287453413999     -0.034968299678658
      0.052632477280402     -0.034968299678658      0.045621668531958
    2   16
     -0.109631754557344      0.003884475960310     -0.042425031954001
      0.003884475960310     -0.086960404446785      0.021581840842883
     -0.042425031954001      0.021581840842883      0.015130226646641
    2   17
     -0.056107253938970      0.040517985402381     -0.042544760359576
      0.040517985402381     -0.102893393484284      0.073689686532669
     -0.042544760359576      0.073689686532669     -0.040678122909844
    2   18
      0.000000000000000      0.000000000000000      0.000000000000000
      0.000000000000000      0.000000000000000      0.000000000000000
      0.000000000000000      0.000000000000000      0.000000000000000
    2   19
     -0.251647088380676     -0.113991939090183      0.458208864498884
     -0.349990697349942      0.293299534830618      0.151137181683958
     -0.030393008938199     -0.383291497627762      0.128090999987866
    2   20
     -0.251647088380676      0.349990697349942     -0.030393008938199
      0.113991939090183      0.293299534830618      0.383291497627762
      0.458208864498884     -0.151137181683958      0.128090999987866
    2   21
      0.000000000000000      0.000000000000000      0.000000000000000
      0.000000000000000      0.000000000000000      0.000000000000000
      0.000000000000000      0.000000000000000      0.000000000000000
    2   22
      0.036878501396851     -0.014745395580210      0.047368435861666
     -0.068839850267066      0.050781138862567     -0.013073956835329
      0.028757962843903     -0.005887927489790      0.026476186443165
    2   23
      0.429687668198610     -0.289460630760183      0.337781755327061
      0.289460630643450      0.403693831901750      0.337900732538335
      0.337781755374391     -0.337900732585648      0.513307627119237
    2   24
      0.036878501396851      0.068839850267066      0.028757962843903
      0.014745395580210      0.050781138862567      0.005887927489790
      0.047368435861666      0.013073956835329      0.026476186443165
    2   25
      0.041427494885949      0.085958008114485      0.088180178596485
     -0.085958008121518      0.008781172255172      0.006077673028913
      0.088180178597336     -0.006077673041264      0.047255714291256
    2   26
      0.000000000000000      0.000000000000000      0.000000000000000
      0.000000000000000      0.000000000000000      0.000000000000000
      0.000000000000000      0.000000000000000      0.000000000000000
    2   27
      0.000000000000000      0.000000000000000      0.000000000000000
      0.000000000000000      0.000000000000000      0.000000000000000
      0.000000000000000      0.000000000000000      0.000000000000000
    2   28
     -0.145877588909658      0.005471184068876      0.126483743819607
     -0.005471184068876     -0.179297530029942     -0.377087245934066
      0.126483743819607      0.377087245934066     -0.143680647591525
    2   29
     -0.626578633671577      0.101107935318567     -0.696944124285861
     -0.101107935318568      1.068274390554764      0.037383550206158
     -0.696944124285861     -0.037383550206158     -0.084719118534177
    2   30
     -0.061004787452591      0.029811512970995      0.024318928017071
     -0.029811512975052      0.089965871706905      0.013183527006446
      0.024318928018918     -0.013183527009852     -0.023565829235511
    2   31
      0.043568991045363      0.022710605132004      0.032713926417028
     -0.049072341644218      0.000528620816636     -0.003053223471900
      0.027091268840954      0.051868406104713      0.015223008568986
    2   32
      0.072820725839171      0.047813226675188     -0.001397195689853
     -0.067600761290415     -0.000285336732841     -0.080466845632017
      0.041430709902925      0.003472634354017     -0.009669032401184
    2   33
      0.000000000000000      0.000000000000000      0.000000000000000
      0.000000000000000      0.000000000000000      0.000000000000000
      0.000000000000000      0.000000000000000      0.000000000000000
    2   34
      0.072820725839171      0.067600761290415      0.041430709902925
     -0.047813226675188     -0.000285336732841     -0.003472634354017
     -0.001397195689853      0.080466845632017     -0.009669032401184
    2   35
      0.000000000000000      0.000000000000000      0.000000000000000
      0.000000000000000      0.000000000000000      0.000000000000000
      0.000000000000000      0.000000000000000      0.000000000000000
    2   36
      0.043568991045363      0.049072341644218      0.027091268840954
     -0.022710605132004      0.000528620816636     -0.051868406104713
      0.032713926417028      0.003053223471900      0.015223008568986
    2   37
      0.357973254011982     -0.237972529722153     -0.316743669504281
     -0.001973771462394     -0.316320807660640      0.217966866653937
     -0.098215793465335     -0.472389107769325      0.128090999987866
    2   38
      0.016942752914847     -0.071821735745287     -0.049353508547873
      0.100094280490715      0.033265914230235     -0.073327438261085
     -0.038826670059734     -0.079405111295437      0.047255714291256
    2   39
      0.083498952629705     -0.012170934490997     -0.019478076203338
      0.041923520195860      0.004160687622172     -0.021961162641028
     -0.035006596677293     -0.034485290379389      0.026476186443165
    2   40
      0.410192290977542      0.300716292047630     -0.461521496040074
     -0.278204969356003      0.423189209125971     -0.123577214819956
      0.123739740648373     -0.461477947340959      0.513307627119237
    2   41
     -0.043847496027551     -0.469963847942216     -0.359993071033549
     -0.233965089682457      0.085499942443883     -0.321251926085367
      0.347136678442480     -0.165324630973824      0.128090999987866
    2   42
      0.000000000000000      0.000000000000000      0.000000000000000
      0.000000000000000      0.000000000000000      0.000000000000000
      0.000000000000000      0.000000000000000      0.000000000000000
    2   43
      0.000000000000000      0.000000000000000      0.000000000000000
      0.000000000000000      0.000000000000000      0.000000000000000
      0.000000000000000      0.000000000000000      0.000000000000000
    2   44
      0.011112006350250     -0.053963557414635     -0.012361839184372
      0.000130897272221      0.076547633913335     -0.047559247214718
     -0.009279886640565     -0.027849090130818      0.026476186443165
    2   45
      0.000000000000000      0.000000000000000      0.000000000000000
      0.000000000000000      0.000000000000000      0.000000000000000
      0.000000000000000      0.000000000000000      0.000000000000000
    2   46
      0.644561134368591     -0.835000822633547      0.316096957983365
     -0.632784951996412     -0.202865377691000      0.622263091801745
      0.380847166302496      0.584879541595587     -0.084719118534177
    2   47
      0.026559432737029     -0.021104256647446     -0.017707965383072
      0.094309731318156      0.045975956376783     -0.037616364452667
     -0.068987734629165      0.041443429777577     -0.009669032401184
    2   48
      0.000000000000000      0.000000000000000      0.000000000000000
      0.000000000000000      0.000000000000000      0.000000000000000
      0.000000000000000      0.000000000000000      0.000000000000000
    2   49
      0.009422925083364     -0.030998023955060      0.070384930319018
      0.084415964010543      0.063112464033220     -0.039023415854439
     -0.023722744519853     -0.034143730098650     -0.009669032401184
    2   50
     -0.170942544728121      0.009000074921310      0.263325262485798
      0.019942443059062     -0.154232574207424     -0.298081758289434
     -0.389809006305405      0.079005487644632     -0.143680647591525
    2   51
      0.022703680126555     -0.010664012255331      0.031373722916379
      0.061118934520891      0.021393931738819     -0.049395930091274
     -0.019001132298397     -0.026804479601022      0.015223008568986
    2   52
      0.000000000000000      0.000000000000000      0.000000000000000
      0.000000000000000      0.000000000000000      0.000000000000000
      0.000000000000000      0.000000000000000      0.000000000000000
    2   53
     -0.000126253379048     -0.023844880511438     -0.013712794118632
      0.047938066264784      0.044223865248114     -0.029857703072922
     -0.058464991757334      0.002472476013439      0.015223008568986
    2   54
      0.052223206907874     -0.095183726000098     -0.023576733310546
     -0.035560700054051     -0.023262122671874     -0.014469045953965
     -0.000742194710399     -0.027652572960515     -0.023565829235511
    2   55
      0.095418391683998      0.072133135400742     -0.033696712366679
      0.087851867861681     -0.155828624040437      0.134479826722275
     -0.105037936242643      0.098414435628189      0.011343423112873
    2   56
     -0.134182832356024     -0.161155888386530      0.045810788658503
     -0.161155888386530      0.051903958733542     -0.079346613484910
      0.093704873063482     -0.162301601049618      0.166695764063287
    2   57
      0.000000000000000      0.000000000000000      0.000000000000000
      0.000000000000000      0.000000000000000      0.000000000000000
      0.000000000000000      0.000000000000000      0.000000000000000
    2   58
      0.043975269996448     -0.038792916803907     -0.004787754816366
     -0.071614044289838     -0.033276331894840      0.022301391775864
      0.028443840218738      0.018542315401177     -0.000357287588456
    2   59
     -0.069441425845084     -0.116256456395604     -0.051736705621338
     -0.116256456395604      0.064799966945359      0.089610602745144
     -0.051606879026651      0.089385736486992      0.123167816588412
    2   60
     -0.023741331571131      0.156648766165154     -0.099614590045261
      0.140930033704216     -0.036668900766035      0.096422122297059
     -0.032710433224905      0.140172738968670      0.011343423112873
    2   61
      0.000000000000000      0.000000000000000      0.000000000000000
      0.000000000000000      0.000000000000000      0.000000000000000
      0.000000000000000      0.000000000000000      0.000000000000000
    2   62
      0.000000000000000      0.000000000000000      0.000000000000000
      0.000000000000000      0.000000000000000      0.000000000000000
      0.000000000000000      0.000000000000000      0.000000000000000
    2   63
     -0.061771047945027     -0.010561379155578     -0.016919694407903
      0.022259748330353      0.072469986063738      0.015297013186332
     -0.030280036290473     -0.015361930512017     -0.000357287588456
    2   64
      0.119826289038309      0.093990669581506     -0.018423712366676
      0.096394219392118      0.083932712388358     -0.023871186296067
      0.043655593177038      0.070749066287061      0.040508923112870
    2   65
     -0.062655938782971     -0.248725024875032      0.057800288658509
     -0.248725024875032      0.224546981335529     -0.100113036640589
     -0.213961231590057      0.370591723934020      0.009924764231734
    2   66
      0.015055051935370      0.013390169314224      0.009190823193422
     -0.036792789602629      0.029535295437072      0.002774805360263
      0.015402942929363     -0.003363717416039     -0.016802421359083
    2   67
      0.026976526141198     -0.007140328101975     -0.008665754816358
     -0.021078342171911      0.041861243567146      0.011416607151716
      0.019142626554230     -0.023489690251938     -0.005877537588460
    2   68
     -2.381294142609341      1.590210932569438     -1.116877205621326
      1.590210932569438     -4.217511562050198      1.934488065795247
     -0.936924970915723      1.622801652374788     -2.092618683411587
    2   69
      0.175345181707917      0.064340371761618      0.029884909932531
      0.061936821951006      0.028413819709770      0.004019809794816
     -0.083098285282189     -0.002432319568121      0.040508923112870
    2   70
      0.015781602716443     -0.037212263891695     -0.006998463529062
      0.012970695025157      0.028808744655881     -0.006572083687707
     -0.004788406731475     -0.015021198578968     -0.016802421359083
    2   71
      0.013578153971854     -0.043898109940422      0.029226647582076
     -0.043898109940422      0.064267325147596     -0.050622038542972
      0.024960996677326     -0.043233714449191      0.023924987478446
    2   72
      0.025921021547469     -0.020468946310541     -0.005554194409435
     -0.006530932240605      0.042916748161046      0.013213067390398
      0.010771355206445     -0.028322846018432     -0.005877537588460
    2   73
     -0.031272481895864      0.030208531857121     -0.035197881935458
     -0.083315904712990     -0.060959545520032     -0.148145379224342
      0.043953602792054      0.086685311874105     -0.004566565181315
    2   74
     -4.988096773210841     -0.774883172233982     -2.229483616290195
     -0.806262501640590     -2.884027086865102     -0.582976596401660
     -3.357445914461737     -0.757513090461418     -3.328165324260303
    2   75
      0.017712498834854      0.021825245138616     -0.010106893094643
      0.018942366933966     -0.023162461510287      0.014059987062732
     -0.026463700794159      0.008651468963177     -0.016946051361210
    2   76
      0.000000000000000      0.000000000000000      0.000000000000000
      0.000000000000000      0.000000000000000      0.000000000000000
      0.000000000000000      0.000000000000000      0.000000000000000
    2   77
     -0.128985986161555      0.055889611360645      0.112907683794968
     -0.027213446255436     -0.258447159311030      0.016831466654818
      0.013359324351730      0.026993812009815     -0.024241953557986
    2   78
      0.015178518104146      0.022066198813848     -0.033048261476016
      0.019648058108341      0.004401700960204     -0.005913735683463
     -0.003792378316557     -0.004311001550927     -0.014474946647933
    2   79
      0.045940787435994      0.246509723123930      0.014137639269310
      0.031502033769340      0.175249573328917     -0.059371701274844
      0.086629957244148     -0.029395926655095     -0.130405669894600
    2   80
      0.039360239200217      0.023061934822627      0.013252294540857
      0.008167987828554     -0.017829581334297     -0.044505645714672
     -0.022644834185710     -0.013904951834099     -0.010057662984547
    2   81
      0.004027632883985      0.028762138195926      0.002902924312213
      0.027602170163085     -0.019627481606301      0.020569477744088
     -0.017290729137353      0.023178178441826     -0.006773189737876
    2   82
     -4.094700668375943     -1.322064983301696      1.619614350399894
     -1.290685653895088     -3.777423191844500      1.639301150983821
      2.334748537216663      2.528876908760573     -3.328165324260303
    2   83
      0.263304998834849     -0.093993252204129      0.044348581931103
      0.121014437150461     -0.042114638105096     -0.041929405395175
     -0.017857359373037     -0.089721707035806     -0.130405669894600
    2   84
      0.025158708341498      0.013885992587776      0.021645576070739
      0.016304133293283     -0.005578489278762      0.025663766149724
      0.005629626016834      0.001128795187702     -0.014474946647933
    2   85
     -0.213664722261200      0.021675844830285     -0.071030319602328
      0.104778902446366     -0.173768423197689     -0.089365189129401
     -0.030056989119455      0.001927391737978     -0.024241953557986
    2   86
     -0.076533946615453     -0.057184185871106      0.145896602818913
      0.056340250699005     -0.015698080793123     -0.043590429694194
     -0.097048483607907      0.005277719328204     -0.004566565181315
    2   87
      0.010692758469499      0.023754058111795     -0.019265152423625
      0.024914026144635     -0.026292607192894      0.007770732672201
     -0.011427526773771      0.026563299905027     -0.006773189737876
    2   88
      0.009990826987474      0.025124425876894      0.031916872527191
      0.040018372870967      0.011539830883196     -0.033729646589080
      0.023364458618610      0.012658525753847     -0.010057662984547
    2   89
      0.000000000000000      0.000000000000000      0.000000000000000
      0.000000000000000      0.000000000000000      0.000000000000000
      0.000000000000000      0.000000000000000      0.000000000000000
    2   90
      0.004709172430622      0.026449840934416     -0.007122859424900
      0.029332719139066     -0.010159135103953      0.015782819705368
      0.005739458495521      0.027243971649334     -0.016946051361210
    3    1
     -0.060716626028296     -0.017241142067095     -0.062278611281283
     -0.042944056622584     -0.091838018695743      0.012971972964774
