   90    90
    1    1
     10.796089981034770      1.150781001630153      2.153681481833824
      1.150781001630153      9.467282537257116     -3.730285749554743
      2.153681481833824     -3.730285749554743      8.430166804733179
    1    2
     -0.055969931740534     -0.026189465223208     -0.059744377143452
     -0.039641724233002     -0.093997610119404      0.012297661729510
      0.006234996613491      0.044724420844857     -0.022235596296661
    1    3
     -0.055969931740534     -0.039641724233002      0.006234996613491
     -0.026189465223208     -0.093997610119404      0.044724420844857
     -0.059744377143452      0.012297661729510     -0.022235596296661
    1    4
     -0.038405465874674      0.061224143914144     -0.041261259913335
      0.061224143914144     -0.109101017802217      0.071466598548422
     -0.084891740568190      0.147036807795170      0.005125089657373
    1    5
     -0.112996431726191      0.006734799897115     -0.041849982924805
     -0.006717459112678     -0.036971110124524      0.016962544962199
      0.019222101107684      0.057888979208447     -0.022235596296661
    1    6
      0.000000000000000      0.000000000000000      0.000000000000000
      0.000000000000000      0.000000000000000      0.000000000000000
      0.000000000000000      0.000000000000000      0.000000000000000
    1    7
     -0.038405465874674      0.061224143914144     -0.084891740568190
      0.061224143914144     -0.109101017802217      0.147036807795170
     -0.041261259913335      0.071466598548422      0.005125089657373
    1    8
      0.000000000000000      0.000000000000000      0.000000000000000
      0.000000000000000      0.000000000000000      0.000000000000000
      0.000000000000000      0.000000000000000      0.000000000000000
    1    9
     -0.112996431726191     -0.006717459112678      0.019222101107684
      0.006734799897115     -0.036971110124524      0.057888979208447
     -0.041849982924805      0.016962544962199     -0.022235596296661
    1   10
      0.281782920593020      0.424778175779755     -0.237109336598714
      0.424778175779755     -0.208708667677529      0.410685417904712
     -0.237109336598714      0.410685417904712     -0.882109286749532
    1   11
     -0.086123387931931     -0.003107552736757     -0.005504406929266
     -0.003107552736757     -0.107801252175416      0.046767343512693
     -0.005504406929266      0.046767343512693      0.014696486889519
    1   12
     -0.038204298167411     -0.047050138792023      0.001737000625821
     -0.047050138792023      0.073185684464028     -0.065850182952557
      0.001737000625821     -0.065850182952557      0.052664443079867
    1   13
      0.035909782799332     -0.021828684113015     -0.004446817095313
     -0.021828684113015      0.061115376088895      0.007702113140426
     -0.004446817095313      0.007702113140426     -0.060086292793178
    1   14
      0.004591573355110     -0.071758346737754      0.056159430963245
     -0.071758346737754      0.030389812934585     -0.034429378144750
      0.056159430963245     -0.034429378144750      0.052664443079867
    1   15
      0.000000000000000      0.000000000000000      0.000000000000000
      0.000000000000000      0.000000000000000      0.000000000000000
      0.000000000000000      0.000000000000000      0.000000000000000
    1   16
     -0.050862441619118      0.033962535743421     -0.045018312044238
      0.033962535743421     -0.090078999915373      0.077974003725304
     -0.045018312044238      0.077974003725304     -0.044052558269039
    1   17
      0.000000000000000      0.000000000000000      0.000000000000000
      0.000000000000000      0.000000000000000      0.000000000000000
      0.000000000000000      0.000000000000000      0.000000000000000
    1   18
     -0.105073005714882      0.007833014192155     -0.037749504081597
      0.007833014192155     -0.088851634389400      0.028150627990243
     -0.037749504081597      0.028150627990243      0.014696486889519
    1   19
     -0.262198684081670      0.384299587715321     -0.047400249464423
      0.120759342144662      0.264205559597997      0.350815669606377
      0.461770889002946     -0.137407564721414      0.122526371947131
    1   20
      0.000000000000000      0.000000000000000      0.000000000000000
      0.000000000000000      0.000000000000000      0.000000000000000
      0.000000000000000      0.000000000000000      0.000000000000000
    1   21
     -0.262198684081670     -0.120759342144662      0.461770889002946
     -0.384299587715321      0.264205559597997      0.137407564721414
     -0.047400249464423     -0.350815669606377      0.122526371947131
    1   22
      0.409848566395361     -0.298727551124525      0.338479099756810
      0.298727551004504      0.447009536123778      0.341082415739137
      0.338479099804586     -0.341082415786548      0.523086484801940
    1   23
      0.035994950888972      0.067371030549664      0.031252337219713
      0.013088060408928      0.050700174684869      0.006339558869243
      0.043538160357736      0.006746240802332      0.027398864949999
    1   24
      0.035994950888972     -0.013088060408927      0.043538160357736
     -0.067371030549664      0.050700174684869     -0.006746240802332
      0.031252337219713     -0.006339558869243      0.027398864949999
    1   25
      0.000000000000000      0.000000000000000      0.000000000000000
      0.000000000000000      0.000000000000000      0.000000000000000
      0.000000000000000      0.000000000000000      0.000000000000000
    1   26
      0.000000000000000      0.000000000000000      0.000000000000000
      0.000000000000000      0.000000000000000      0.000000000000000
      0.000000000000000      0.000000000000000      0.000000000000000
    1   27
      0.034831304133178      0.085620352400744      0.083151932590741
     -0.085620352406797      0.008380009700161      0.010574312500817
      0.083151932592222     -0.010574312512464      0.042242675516408
    1   28
     -0.612764247907756      0.086545931242550     -0.699243002966593
     -0.086545931242551      1.065602725157471      0.037873671250799
     -0.699243002966593     -0.037873671250799     -0.089799241039442
    1   29
     -0.062245340936302      0.031058520579119      0.021871686297832
     -0.031058520582244      0.084553457682531      0.011291899317374
      0.021871686299414     -0.011291899320438     -0.025236956899620
    1   30
     -0.153130791423551      0.000094363927956      0.119787657120730
     -0.000094363927956     -0.192724264772139     -0.381298650657748
      0.119787657120730      0.381298650657748     -0.154483887944277
    1   31
      0.071777440861923      0.050521225676380     -0.007340937662078
     -0.066142323297943     -0.001443192145255     -0.064710757358763
      0.045112376035253      0.016809089697290     -0.012872690215375
    1   32
      0.000000000000000      0.000000000000000      0.000000000000000
      0.000000000000000      0.000000000000000      0.000000000000000
      0.000000000000000      0.000000000000000      0.000000000000000
    1   33
      0.044494424705589      0.026917430193277      0.036193332019993
     -0.049909383710293     -0.021791079049988     -0.010807963015683
      0.023208018485973      0.051171722084659      0.012217305119843
    1   34
      0.000000000000000      0.000000000000000      0.000000000000000
      0.000000000000000      0.000000000000000      0.000000000000000
      0.000000000000000      0.000000000000000      0.000000000000000
    1   35
      0.044494424705589      0.049909383710293      0.023208018485973
     -0.026917430193277     -0.021791079049988     -0.051171722084659
      0.036193332019993      0.010807963015683      0.012217305119843
    1   36
      0.071777440861923      0.066142323297943      0.045112376035253
     -0.050521225676380     -0.001443192145255     -0.016809089697290
     -0.007340937662078      0.064710757358763     -0.012872690215375
    1   37
      0.014992833310020     -0.074166605929757     -0.050733589558720
      0.097074098877784      0.028218480526528     -0.066724529748227
     -0.032418343042848     -0.077298842253585      0.042242675516408
    1   38
      0.081863677094699     -0.013394261015476     -0.021116387638964
      0.040888709125261      0.004831448471723     -0.023895538527477
     -0.027611496093262     -0.034332032505723      0.027398864949999
    1   39
      0.351301430461809     -0.233445114163526     -0.280115157167990
      0.030095131407133     -0.349294555044709      0.216457654988419
     -0.111887002790198     -0.468609102997724      0.122526371947131
    1   40
     -0.086092433169747     -0.485974579093518     -0.349883886212749
     -0.222434333522859      0.088099308657591     -0.331201538276309
      0.327515406632413     -0.134358014617959      0.122526371947131
    1   41
      0.000000000000000      0.000000000000000      0.000000000000000
      0.000000000000000      0.000000000000000      0.000000000000000
      0.000000000000000      0.000000000000000      0.000000000000000
    1   42
      0.437719293689419      0.282636379217489     -0.464625586733722
     -0.314818722911540      0.419138808825211     -0.122590291211291
      0.126146486911965     -0.463672706932759      0.523086484801940
    1   43
      0.012184060364790     -0.053623806494772     -0.015926664264473
      0.000659163645965      0.074511065212902     -0.041078273308055
     -0.010135949580750     -0.030235097396720      0.027398864949999
    1   44
      0.000000000000000      0.000000000000000      0.000000000000000
      0.000000000000000      0.000000000000000      0.000000000000000
      0.000000000000000      0.000000000000000      0.000000000000000
    1   45
      0.000000000000000      0.000000000000000      0.000000000000000
      0.000000000000000      0.000000000000000      0.000000000000000
      0.000000000000000      0.000000000000000      0.000000000000000
    1   46
      0.023626099793802     -0.022721035946611     -0.007999089326459
      0.093942513027712      0.046708148930654     -0.047473008523410
     -0.052370690935248      0.038712817182853     -0.012872690215375
    1   47
      0.000000000000000      0.000000000000000      0.000000000000000
      0.000000000000000      0.000000000000000      0.000000000000000
      0.000000000000000      0.000000000000000      0.000000000000000
    1   48
      0.646010981761901     -0.813300149000333      0.316821940048177
     -0.640208286515232     -0.193172504715781      0.624499039661959
      0.382421062918416      0.586625368411160     -0.089799241039442
    1   49
     -0.182825896411614      0.017050112931902      0.270320489311268
      0.017238840787815     -0.163029159779274     -0.294388479463635
     -0.390108146431998      0.086910171194112     -0.154483887944277
    1   50
      0.004736104804928     -0.003962953494247      0.032712002034141
      0.072863860409323      0.017967240857104     -0.045684594624306
     -0.027456636543984     -0.025940363471612      0.012217305119843
    1   51
      0.010097832419627     -0.030531584757393      0.059711628597326
      0.086131964216931      0.060236416307017     -0.025997940175910
     -0.037113286708794     -0.030663918826120     -0.012872690215375
    1   52
     -0.015175511021828     -0.015458930252754     -0.008736695476009
      0.061367883650815      0.037878856687081     -0.036748326487295
     -0.055920020520114      0.005487127460352      0.012217305119843
    1   53
      0.047853758018919     -0.094624265003591     -0.020714914817391
     -0.032507223842229     -0.025545641290497     -0.013295486300209
     -0.001156771483885     -0.024587385617745     -0.025236956899620
    1   54
      0.000000000000000      0.000000000000000      0.000000000000000
      0.000000000000000      0.000000000000000      0.000000000000000
      0.000000000000000      0.000000000000000      0.000000000000000
    1   55
     -0.119118885204379     -0.153121142419507      0.041013325473660
     -0.153121142419507      0.057690180389639     -0.071037163501993
      0.097365625375595     -0.168642210047609      0.161414956488685
    1   56
      0.000000000000000      0.000000000000000      0.000000000000000
      0.000000000000000      0.000000000000000      0.000000000000000
      0.000000000000000      0.000000000000000      0.000000000000000
    1   57
      0.099834645752734      0.074976840933652     -0.032600273404819
      0.090864505504490     -0.156284002621343      0.137133010231120
     -0.105291793274490      0.096440681415075      0.002272291120454
    1   58
     -0.058864509122650     -0.117319361380143     -0.033304017479980
     -0.117319361380143      0.076604220623877      0.057684250366822
     -0.049010536175705      0.084888738755648      0.133510832263205
    1   59
     -0.020442931008050      0.160306796830420     -0.102460533845568
      0.144419132259582     -0.036006425841106      0.096799170056735
     -0.030874183419738      0.139405708500639      0.002272291120454
    1   60
      0.041233813752741     -0.039621414599413     -0.002981279494993
     -0.066293753270146     -0.034226896994606      0.021137380455823
      0.027077180583618      0.014549967324515     -0.001791174739720
    1   61
      0.000000000000000      0.000000000000000      0.000000000000000
      0.000000000000000      0.000000000000000      0.000000000000000
      0.000000000000000      0.000000000000000      0.000000000000000
    1   62
     -0.061224332310474     -0.007139515055095     -0.016814868695222
      0.019532823615638      0.068231249085181      0.013150554006566
     -0.026139231618053     -0.016174542587911     -0.001791174739720
    1   63
      0.000000000000000      0.000000000000000      0.000000000000000
      0.000000000000000      0.000000000000000      0.000000000000000
      0.000000000000000      0.000000000000000      0.000000000000000
    1   64
     -0.058567871565352     -0.244718952504761      0.054702825473662
     -0.244718952504761      0.224009234630123     -0.094748073030294
     -0.208709997314428      0.361496319366920      0.001466949525235
    1   65
      0.017340634031199      0.016564516884234      0.004141460331284
     -0.030599473550922      0.031668335407122      0.004182593728189
      0.013078652458449     -0.005780624567784     -0.014190587120416
    1   66
      0.120769645560471      0.093035414911086     -0.019409773404846
      0.094438923937272      0.080181492070633     -0.022244820240927
      0.045365236509126      0.070356418232437      0.043013291120452
    1   67
     -2.373295607358263      1.583333417901485     -1.120566017479974
      1.583333417901485     -4.201571556911258      1.940877275353471
     -0.937018421247129      1.622963513096754     -2.091595167736794
    1   68
      0.171507300426986      0.065145525239670      0.028969466132126
      0.063742016213484      0.029443837195912      0.005686946731192
     -0.083613063758209     -0.004109238152551      0.043013291120452
    1   69
      0.028763157089593     -0.001935344115887     -0.009918279494981
     -0.018646582178706      0.039791804826712      0.014295779766487
      0.016520566179779     -0.024362684621484     -0.004684174739724
    1   70
      0.015028657255069     -0.042778211647411      0.025118641596469
     -0.042778211647411      0.064424681268811     -0.043506763458679
      0.025246059920272     -0.043727458469303      0.021918659874838
    1   71
      0.028122407373358     -0.018276645157525     -0.007421368696194
     -0.001565407094706      0.040432554543051      0.015737371888426
      0.012838420694997     -0.026488572308490     -0.004684174739724
    1   72
      0.022009095552608     -0.033294811067227     -0.005692962587670
      0.013869179367928      0.026999873884957     -0.001495312991853
     -0.001533158504188     -0.014216757561093     -0.014190587120416
    1   73
     -4.938935513164948     -0.775635041946971     -2.184780832904788
     -0.803297742338303     -2.885887832125984     -0.556065560568030
     -3.368737393905715     -0.772215038178205     -3.301573461866173
    1   74
      0.038746154043120      0.024181497406462     -0.004780908357883
      0.012428805631131     -0.027533419833306      0.022643714416851
     -0.020776689634857      0.002708100472403     -0.017113757785157
    1   75
     -0.023593121545562      0.010695986325642     -0.021713763541892
     -0.118910800207083     -0.024777838046849     -0.154065155242381
      0.060579397559970      0.076946184136658      0.001260562817013
    1   76
     -0.131893322501668      0.046619334761073      0.110785506280172
     -0.001048546996846     -0.277323544911500      0.008743514391464
      0.015972596742781      0.026284024610227     -0.022007582008209
    1   77
      0.011766378454434      0.013065841029258     -0.041450017625473
      0.030003598255140      0.000942522767101     -0.002822220485232
     -0.009541892361960     -0.013833591221856     -0.017682492309293
    1   78
      0.000000000000000      0.000000000000000      0.000000000000000
      0.000000000000000      0.000000000000000      0.000000000000000
      0.000000000000000      0.000000000000000      0.000000000000000
    1   79
      0.035461791837484      0.046892398243280      0.005374782452962
      0.014484528143722     -0.021785349038185     -0.042725076992675
     -0.019766190872134     -0.016924021876279     -0.004209112959939
    1   80
     -0.001637074775048      0.025819061480646      0.005010926349772
      0.027834747098562     -0.004386660901046      0.021855330104931
     -0.020451889707408      0.015192273405862     -0.006442902610376
    1   81
      0.042352650256158      0.222970969927436     -0.006728635419340
      0.012977556152008      0.193521710300937     -0.079077954419326
      0.098635659949853     -0.030604306381461     -0.114531952658854
    1   82
      0.257898154043151     -0.111467698492090      0.071847835110576
      0.098525715283338     -0.022023793520919     -0.033711808003240
     -0.022813723185522     -0.100723140433255     -0.114531952658854
    1   83
      0.022298100960832      0.023923105430549      0.023169123447830
      0.006985348204667     -0.009589199741000      0.034485658011260
      0.016751187603708      0.001346725575374     -0.017682492309293
    1   84
     -4.082847703009930     -1.297560270021231      1.573957318034998
     -1.269897569629899     -3.741975642419467      1.614042922865870
      2.353126537145470      2.531304642947765     -3.301573461866173
    1   85
     -0.071340047858299     -0.091344099445218      0.144281220038051
      0.038262687087507      0.022969088273610     -0.058227906780623
     -0.096927048961218     -0.013990205168805      0.001260562817013
    1   86
      0.019533516248798      0.015611900671053     -0.021432734252321
      0.013596215053137     -0.025557251928316      0.006588075536719
     -0.002930949855947      0.025307992746376     -0.006442902610376
    1   87
     -0.221233259339852      0.050531889590235     -0.062964858720836
      0.098199771348154     -0.187983608058866     -0.091571305621776
     -0.030748931395701     -0.000690662239659     -0.022007582008209
    1   88
      0.000000000000000      0.000000000000000      0.000000000000000
      0.000000000000000      0.000000000000000      0.000000000000000
      0.000000000000000      0.000000000000000      0.000000000000000
    1   89
      0.004889199873259      0.031976127236622     -0.017219577740505
      0.043728819011953      0.006323534342031      0.015462245299852
      0.008043061012517      0.019347191267988     -0.017113757785157
    1   90
      0.019103424909901      0.023929035693628      0.034313610824829
      0.056336905793186     -0.005426982107956     -0.026017236640794
      0.024539728313943      0.008656012494565     -0.004209112959939
    2    1
     -0.055969931740534     -0.039641724233002      0.006234996613491
     -0.026189465223208     -0.093997610119404      0.044724420844857
     -0.059744377143452      0.012297661729510     -0.022235596296661
    2    2
     10.796089981034770      1.150781001630153      2.153681481833824
      1.150781001630153      9.467282537257116     -3.730285749554743
      2.153681481833824     -3.730285749554743      8.430166804733179
    2    3
     -0.055969931740534     -0.026189465223208     -0.059744377143452
     -0.039641724233002     -0.093997610119404      0.012297661729510
      0.006234996613491      0.044724420844857     -0.022235596296661
    2    4
      0.000000000000000      0.000000000000000      0.000000000000000
      0.000000000000000      0.000000000000000      0.000000000000000
      0.000000000000000      0.000000000000000      0.000000000000000
    2    5
     -0.038405465874674      0.061224143914144     -0.041261259913335
      0.061224143914144     -0.109101017802217      0.071466598548422
     -0.084891740568190      0.147036807795170      0.005125089657373
    2    6
     -0.112996431726191      0.006734799897115     -0.041849982924805
     -0.006717459112678     -0.036971110124524      0.016962544962199
      0.019222101107684      0.057888979208447     -0.022235596296661
    2    7
     -0.112996431726191     -0.006717459112678      0.019222101107684
      0.006734799897115     -0.036971110124524      0.057888979208447
     -0.041849982924805      0.016962544962199     -0.022235596296661
    2    8
     -0.038405465874674      0.061224143914144     -0.084891740568190
      0.061224143914144     -0.109101017802217      0.147036807795170
     -0.041261259913335      0.071466598548422      0.005125089657373
    2    9
      0.000000000000000      0.000000000000000      0.000000000000000
      0.000000000000000      0.000000000000000      0.000000000000000
      0.000000000000000      0.000000000000000      0.000000000000000
    2   10
     -0.038204298167411     -0.047050138792023      0.001737000625821
     -0.047050138792023      0.073185684464028     -0.065850182952557
      0.001737000625821     -0.065850182952557      0.052664443079867
    2   11
      0.281782920593020      0.424778175779755     -0.237109336598714
      0.424778175779755     -0.208708667677529      0.410685417904712
     -0.237109336598714      0.410685417904712     -0.882109286749532
    2   12
     -0.086123387931931     -0.003107552736757     -0.005504406929266
     -0.003107552736757     -0.107801252175416      0.046767343512693
     -0.005504406929266      0.046767343512693      0.014696486889519
    2   13
      0.000000000000000      0.000000000000000      0.000000000000000
      0.000000000000000      0.000000000000000      0.000000000000000
      0.000000000000000      0.000000000000000      0.000000000000000
    2   14
      0.035909782799332     -0.021828684113015     -0.004446817095313
     -0.021828684113015      0.061115376088895      0.007702113140426
     -0.004446817095313      0.007702113140426     -0.060086292793178
    2   15
      0.004591573355110     -0.071758346737754      0.056159430963245
     -0.071758346737754      0.030389812934585     -0.034429378144750
      0.056159430963245     -0.034429378144750      0.052664443079867
    2   16
     -0.105073005714882      0.007833014192155     -0.037749504081597
      0.007833014192155     -0.088851634389400      0.028150627990243
     -0.037749504081597      0.028150627990243      0.014696486889519
    2   17
     -0.050862441619118      0.033962535743421     -0.045018312044238
      0.033962535743421     -0.090078999915373      0.077974003725304
     -0.045018312044238      0.077974003725304     -0.044052558269039
    2   18
      0.000000000000000      0.000000000000000      0.000000000000000
      0.000000000000000      0.000000000000000      0.000000000000000
      0.000000000000000      0.000000000000000      0.000000000000000
    2   19
     -0.262198684081670     -0.120759342144662      0.461770889002946
     -0.384299587715321      0.264205559597997      0.137407564721414
     -0.047400249464423     -0.350815669606377      0.122526371947131
    2   20
     -0.262198684081670      0.384299587715321     -0.047400249464423
      0.120759342144662      0.264205559597997      0.350815669606377
      0.461770889002946     -0.137407564721414      0.122526371947131
    2   21
      0.000000000000000      0.000000000000000      0.000000000000000
      0.000000000000000      0.000000000000000      0.000000000000000
      0.000000000000000      0.000000000000000      0.000000000000000
    2   22
      0.035994950888972     -0.013088060408927      0.043538160357736
     -0.067371030549664      0.050700174684869     -0.006746240802332
      0.031252337219713     -0.006339558869243      0.027398864949999
    2   23
      0.409848566395361     -0.298727551124525      0.338479099756810
      0.298727551004504      0.447009536123778      0.341082415739137
      0.338479099804586     -0.341082415786548      0.523086484801940
    2   24
      0.035994950888972      0.067371030549664      0.031252337219713
      0.013088060408928      0.050700174684869      0.006339558869243
      0.043538160357736      0.006746240802332      0.027398864949999
    2   25
      0.034831304133178      0.085620352400744      0.083151932590741
     -0.085620352406797      0.008380009700161      0.010574312500817
      0.083151932592222     -0.010574312512464      0.042242675516408
    2   26
      0.000000000000000      0.000000000000000      0.000000000000000
      0.000000000000000      0.000000000000000      0.000000000000000
      0.000000000000000      0.000000000000000      0.000000000000000
    2   27
      0.000000000000000      0.000000000000000      0.000000000000000
      0.000000000000000      0.000000000000000      0.000000000000000
      0.000000000000000      0.000000000000000      0.000000000000000
    2   28
     -0.153130791423551      0.000094363927956      0.119787657120730
     -0.000094363927956     -0.192724264772139     -0.381298650657748
      0.119787657120730      0.381298650657748     -0.154483887944277
    2   29
     -0.612764247907756      0.086545931242550     -0.699243002966593
     -0.086545931242551      1.065602725157471      0.037873671250799
     -0.699243002966593     -0.037873671250799     -0.089799241039442
    2   30
     -0.062245340936302      0.031058520579119      0.021871686297832
     -0.031058520582244      0.084553457682531      0.011291899317374
      0.021871686299414     -0.011291899320438     -0.025236956899620
    2   31
      0.044494424705589      0.026917430193277      0.036193332019993
     -0.049909383710293     -0.021791079049988     -0.010807963015683
      0.023208018485973      0.051171722084659      0.012217305119843
    2   32
      0.071777440861923      0.050521225676380     -0.007340937662078
     -0.066142323297943     -0.001443192145255     -0.064710757358763
      0.045112376035253      0.016809089697290     -0.012872690215375
    2   33
      0.000000000000000      0.000000000000000      0.000000000000000
      0.000000000000000      0.000000000000000      0.000000000000000
      0.000000000000000      0.000000000000000      0.000000000000000
    2   34
      0.071777440861923      0.066142323297943      0.045112376035253
     -0.050521225676380     -0.001443192145255     -0.016809089697290
     -0.007340937662078      0.064710757358763     -0.012872690215375
    2   35
      0.000000000000000      0.000000000000000      0.000000000000000
      0.000000000000000      0.000000000000000      0.000000000000000
      0.000000000000000      0.000000000000000      0.000000000000000
    2   36
      0.044494424705589      0.049909383710293      0.023208018485973
     -0.026917430193277     -0.021791079049988     -0.051171722084659
      0.036193332019993      0.010807963015683      0.012217305119843
    2   37
      0.351301430461809     -0.233445114163526     -0.280115157167990
      0.030095131407133     -0.349294555044709      0.216457654988419
     -0.111887002790198     -0.468609102997724      0.122526371947131
    2   38
      0.014992833310020     -0.074166605929757     -0.050733589558720
      0.097074098877784      0.028218480526528     -0.066724529748227
     -0.032418343042848     -0.077298842253585      0.042242675516408
    2   39
      0.081863677094699     -0.013394261015476     -0.021116387638964
      0.040888709125261      0.004831448471723     -0.023895538527477
     -0.027611496093262     -0.034332032505723      0.027398864949999
    2   40
      0.437719293689419      0.282636379217489     -0.464625586733722
     -0.314818722911540      0.419138808825211     -0.122590291211291
      0.126146486911965     -0.463672706932759      0.523086484801940
    2   41
     -0.086092433169747     -0.485974579093518     -0.349883886212749
     -0.222434333522859      0.088099308657591     -0.331201538276309
      0.327515406632413     -0.134358014617959      0.122526371947131
    2   42
      0.000000000000000      0.000000000000000      0.000000000000000
      0.000000000000000      0.000000000000000      0.000000000000000
      0.000000000000000      0.000000000000000      0.000000000000000
    2   43
      0.000000000000000      0.000000000000000      0.000000000000000
      0.000000000000000      0.000000000000000      0.000000000000000
      0.000000000000000      0.000000000000000      0.000000000000000
    2   44
      0.012184060364790     -0.053623806494772     -0.015926664264473
      0.000659163645965      0.074511065212902     -0.041078273308055
     -0.010135949580750     -0.030235097396720      0.027398864949999
    2   45
      0.000000000000000      0.000000000000000      0.000000000000000
      0.000000000000000      0.000000000000000      0.000000000000000
      0.000000000000000      0.000000000000000      0.000000000000000
    2   46
      0.646010981761901     -0.813300149000333      0.316821940048177
     -0.640208286515232     -0.193172504715781      0.624499039661959
      0.382421062918416      0.586625368411160     -0.089799241039442
    2   47
      0.023626099793802     -0.022721035946611     -0.007999089326459
      0.093942513027712      0.046708148930654     -0.047473008523410
     -0.052370690935248      0.038712817182853     -0.012872690215375
    2   48
      0.000000000000000      0.000000000000000      0.000000000000000
      0.000000000000000      0.000000000000000      0.000000000000000
      0.000000000000000      0.000000000000000      0.000000000000000
    2   49
      0.010097832419627     -0.030531584757393      0.059711628597326
      0.086131964216931      0.060236416307017     -0.025997940175910
     -0.037113286708794     -0.030663918826120     -0.012872690215375
    2   50
     -0.182825896411614      0.017050112931902      0.270320489311268
      0.017238840787815     -0.163029159779274     -0.294388479463635
     -0.390108146431998      0.086910171194112     -0.154483887944277
    2   51
      0.004736104804928     -0.003962953494247      0.032712002034141
      0.072863860409323      0.017967240857104     -0.045684594624306
     -0.027456636543984     -0.025940363471612      0.012217305119843
    2   52
      0.000000000000000      0.000000000000000      0.000000000000000
      0.000000000000000      0.000000000000000      0.000000000000000
      0.000000000000000      0.000000000000000      0.000000000000000
    2   53
     -0.015175511021828     -0.015458930252754     -0.008736695476009
      0.061367883650815      0.037878856687081     -0.036748326487295
     -0.055920020520114      0.005487127460352      0.012217305119843
    2   54
      0.047853758018919     -0.094624265003591     -0.020714914817391
     -0.032507223842229     -0.025545641290497     -0.013295486300209
     -0.001156771483885     -0.024587385617745     -0.025236956899620
    2   55
      0.099834645752734      0.074976840933652     -0.032600273404819
      0.090864505504490     -0.156284002621343      0.137133010231120
     -0.105291793274490      0.096440681415075      0.002272291120454
    2   56
     -0.119118885204379     -0.153121142419507      0.041013325473660
     -0.153121142419507      0.057690180389639     -0.071037163501993
      0.097365625375595     -0.168642210047609      0.161414956488685
    2   57
      0.000000000000000      0.000000000000000      0.000000000000000
      0.000000000000000      0.000000000000000      0.000000000000000
      0.000000000000000      0.000000000000000      0.000000000000000
    2   58
      0.041233813752741     -0.039621414599413     -0.002981279494993
     -0.066293753270146     -0.034226896994606      0.021137380455823
      0.027077180583618      0.014549967324515     -0.001791174739720
    2   59
     -0.058864509122650     -0.117319361380143     -0.033304017479980
     -0.117319361380143      0.076604220623877      0.057684250366822
     -0.049010536175705      0.084888738755648      0.133510832263205
    2   60
     -0.020442931008050      0.160306796830420     -0.102460533845568
      0.144419132259582     -0.036006425841106      0.096799170056735
     -0.030874183419738      0.139405708500639      0.002272291120454
    2   61
      0.000000000000000      0.000000000000000      0.000000000000000
      0.000000000000000      0.000000000000000      0.000000000000000
      0.000000000000000      0.000000000000000      0.000000000000000
    2   62
      0.000000000000000      0.000000000000000      0.000000000000000
      0.000000000000000      0.000000000000000      0.000000000000000
      0.000000000000000      0.000000000000000      0.000000000000000
    2   63
     -0.061224332310474     -0.007139515055095     -0.016814868695222
      0.019532823615638      0.068231249085181      0.013150554006566
     -0.026139231618053     -0.016174542587911     -0.001791174739720
    2   64
      0.120769645560471      0.093035414911086     -0.019409773404846
      0.094438923937272      0.080181492070633     -0.022244820240927
      0.045365236509126      0.070356418232437      0.043013291120452
    2   65
     -0.058567871565352     -0.244718952504761      0.054702825473662
     -0.244718952504761      0.224009234630123     -0.094748073030294
     -0.208709997314428      0.361496319366920      0.001466949525235
    2   66
      0.017340634031199      0.016564516884234      0.004141460331284
     -0.030599473550922      0.031668335407122      0.004182593728189
      0.013078652458449     -0.005780624567784     -0.014190587120416
    2   67
      0.028763157089593     -0.001935344115887     -0.009918279494981
     -0.018646582178706      0.039791804826712      0.014295779766487
      0.016520566179779     -0.024362684621484     -0.004684174739724
    2   68
     -2.373295607358263      1.583333417901485     -1.120566017479974
      1.583333417901485     -4.201571556911258      1.940877275353471
     -0.937018421247129      1.622963513096754     -2.091595167736794
    2   69
      0.171507300426986      0.065145525239670      0.028969466132126
      0.063742016213484      0.029443837195912      0.005686946731192
     -0.083613063758209     -0.004109238152551      0.043013291120452
    2   70
      0.022009095552608     -0.033294811067227     -0.005692962587670
      0.013869179367928      0.026999873884957     -0.001495312991853
     -0.001533158504188     -0.014216757561093     -0.014190587120416
    2   71
      0.015028657255069     -0.042778211647411      0.025118641596469
     -0.042778211647411      0.064424681268811     -0.043506763458679
      0.025246059920272     -0.043727458469303      0.021918659874838
    2   72
      0.028122407373358     -0.018276645157525     -0.007421368696194
     -0.001565407094706      0.040432554543051      0.015737371888426
      0.012838420694997     -0.026488572308490     -0.004684174739724
    2   73
     -0.023593121545562      0.010695986325642     -0.021713763541892
     -0.118910800207083     -0.024777838046849     -0.154065155242381
      0.060579397559970      0.076946184136658      0.001260562817013
    2   74
     -4.938935513164948     -0.775635041946971     -2.184780832904788
     -0.803297742338303     -2.885887832125984     -0.556065560568030
     -3.368737393905715     -0.772215038178205     -3.301573461866173
    2   75
      0.038746154043120      0.024181497406462     -0.004780908357883
      0.012428805631131     -0.027533419833306      0.022643714416851
     -0.020776689634857      0.002708100472403     -0.017113757785157
    2   76
      0.000000000000000      0.000000000000000      0.000000000000000
      0.000000000000000      0.000000000000000      0.000000000000000
      0.000000000000000      0.000000000000000      0.000000000000000
    2   77
     -0.131893322501668      0.046619334761073      0.110785506280172
     -0.001048546996846     -0.277323544911500      0.008743514391464
      0.015972596742781      0.026284024610227     -0.022007582008209
    2   78
      0.011766378454434      0.013065841029258     -0.041450017625473
      0.030003598255140      0.000942522767101     -0.002822220485232
     -0.009541892361960     -0.013833591221856     -0.017682492309293
    2   79
      0.042352650256158      0.222970969927436     -0.006728635419340
      0.012977556152008      0.193521710300937     -0.079077954419326
      0.098635659949853     -0.030604306381461     -0.114531952658854
    2   80
      0.035461791837484      0.046892398243280      0.005374782452962
      0.014484528143722     -0.021785349038185     -0.042725076992675
     -0.019766190872134     -0.016924021876279     -0.004209112959939
    2   81
     -0.001637074775048      0.025819061480646      0.005010926349772
      0.027834747098562     -0.004386660901046      0.021855330104931
     -0.020451889707408      0.015192273405862     -0.006442902610376
    2   82
     -4.082847703009930     -1.297560270021231      1.573957318034998
     -1.269897569629899     -3.741975642419467      1.614042922865870
      2.353126537145470      2.531304642947765     -3.301573461866173
    2   83
      0.257898154043151     -0.111467698492090      0.071847835110576
      0.098525715283338     -0.022023793520919     -0.033711808003240
     -0.022813723185522     -0.100723140433255     -0.114531952658854
    2   84
      0.022298100960832      0.023923105430549      0.023169123447830
      0.006985348204667     -0.009589199741000      0.034485658011260
      0.016751187603708      0.001346725575374     -0.017682492309293
    2   85
     -0.221233259339852      0.050531889590235     -0.062964858720836
      0.098199771348154     -0.187983608058866     -0.091571305621776
     -0.030748931395701     -0.000690662239659     -0.022007582008209
    2   86
     -0.071340047858299     -0.091344099445218      0.144281220038051
      0.038262687087507      0.022969088273610     -0.058227906780623
     -0.096927048961218     -0.013990205168805      0.001260562817013
    2   87
      0.019533516248798      0.015611900671053     -0.021432734252321
      0.013596215053137     -0.025557251928316      0.006588075536719
     -0.002930949855947      0.025307992746376     -0.006442902610376
    2   88
      0.019103424909901      0.023929035693628      0.034313610824829
      0.056336905793186     -0.005426982107956     -0.026017236640794
      0.024539728313943      0.008656012494565     -0.004209112959939
    2   89
      0.000000000000000      0.000000000000000      0.000000000000000
      0.000000000000000      0.000000000000000      0.000000000000000
      0.000000000000000      0.000000000000000      0.000000000000000
    2   90
      0.004889199873259      0.031976127236622     -0.017219577740505
      0.043728819011953      0.006323534342031      0.015462245299852
      0.008043061012517      0.019347191267988     -0.017113757785157
    3    1
     -0.055969931740534     -0.026189465223208     -0.059744377143452
     -0.039641724233002     -0.093997610119404      0.012297661729510
